5.956971736915717131e-01 5.101209793782425228e-01 5.307473418115230546e-01 5.023948605271204570e-01
3.451940595501130638e-01 2.925681428569001374e-01 2.525521872576990678e-01 4.820013593663473039e-01
3.851760230516753092e-01 2.768090483181156469e-01 2.689075728523740993e-01 2.849079305033192511e-01
1.608489710759293256e-01 1.184314745706049332e-01 1.993102793862139982e-02 4.781210075474959242e-02
6.146515979218817316e-01 4.551604046807048998e-01 2.968044646256239316e-01 3.624156503344251323e-01
0.000000000000000000e+00 0.000000000000000000e+00 0.000000000000000000e+00 0.000000000000000000e+00
1.208551616104730636e-01 1.134780792110071240e-01 4.300701979353231397e-01 3.904266484524170772e-02
0.000000000000000000e+00 0.000000000000000000e+00 0.000000000000000000e+00 0.000000000000000000e+00
3.289576635260350601e-01 4.471640251966841895e-01 2.229720527899521076e-01 6.572878069068995854e-01
5.099653527929386421e-01 7.307493916272124190e-01 4.045683980615651931e-01 4.823668355502219729e-01
7.089742540422002692e-01 3.290640948641873065e-01 3.746008570111015734e-01 2.228735393621601724e-01
0.000000000000000000e+00 0.000000000000000000e+00 0.000000000000000000e+00 0.000000000000000000e+00
0.000000000000000000e+00 0.000000000000000000e+00 0.000000000000000000e+00 0.000000000000000000e+00
4.899991239335579896e-01 5.138903804104522077e-01 8.189518566244107234e-01 4.669860261620782937e-01
7.349213512080380317e-01 9.348940491089035021e-01 7.397240567158971380e-01 7.645546073972675494e-01
0.000000000000000000e+00 0.000000000000000000e+00 0.000000000000000000e+00 0.000000000000000000e+00
